Total number of sentences: 8
Embedding dimension: 384

--- Sentence Embeddings ---

Sentence 1 : I am studying computer science.
Embedding: [ 3.61779658e-03 -7.22856373e-02 -7.73584619e-02  7.59816542e-03
  3.50271724e-02 -7.82329962e-02 -6.13063723e-02  7.65339732e-02
  2.03677192e-02  3.69827524e-02 -1.45265711e-02  3.93770970e-02
 -1.96120446e-03 -2.71674637e-02  1.30617199e-02 -1.86717417e-02
 -7.94335604e-02  1.08468002e-02  1.80082880e-02 -8.45032856e-02
  3.74014042e-02 -3.36498022e-02 -7.07012489e-02 -3.39475609e-02
 -5.75199910e-03  4.18478549e-02 -1.45812491e-02 -7.92488363e-03
  6.07572012e-02 -3.51020247e-02 -1.25816330e-01  1.70879252e-02
  9.47806463e-02  5.96198887e-02 -6.35530725e-02  8.64170864e-02
  4.78694029e-02 -5.27172536e-02  2.67210361e-02 -1.29533047e-02
 -2.55437456e-02  7.40839774e-03  2.13744696e-02  1.00000752e-02
  5.23789637e-02 -3.48286740e-02 -7.41572604e-02 -3.32213901e-02
  2.96779629e-03  2.37898622e-02 -7.09383637e-02  3.92792225e-02
 -4.64171767e-02  2.15533283e-02  3.36138252e-03 -1.63841818e-03
  9.03560370e-02 -2.47718655e-02  5.40127628e-04 -1.25470515e-02
 -1.99464448e-02 -5.94046013e-03 -1.24619372e-01  9.60277468e-02
  7.13199750e-02 -1.68082956e-02  2.61841412e-03  8.04513991e-02
  4.77269143e-02 -6.09494373e-02 -1.05076358e-01  3.32744676e-03
 -9.17196572e-02  1.28099576e-01  2.43564323e-02 -7.41218477e-02
  2.25907750e-02 -4.18800255e-03  5.25708981e-02 -1.48472162e-02
 -9.72376671e-03 -2.23337533e-03 -4.93429042e-02  1.16242105e-02
  4.36782315e-02  4.40693088e-02  1.33865941e-02  6.22564666e-02
  1.18354484e-02  2.95975711e-02  3.07462886e-02 -5.74928708e-03
 -1.76650900e-02  4.34328578e-02 -5.49757257e-02  7.23340223e-03
  4.38266061e-02 -1.18174627e-02  6.10853173e-02  8.11212510e-02
  1.30595015e-02 -3.22255604e-02  6.47549555e-02 -8.47517885e-03
 -3.86893302e-02 -1.98069941e-02  5.01929894e-02  7.59205669e-02
 -9.83830076e-03 -3.97717915e-02 -2.24210303e-02  4.92829941e-02
 -6.85837492e-02 -4.60499898e-02 -5.95807796e-03  2.79998034e-02
 -1.10951336e-02  5.46513125e-02  1.11887343e-01  6.91209212e-02
  1.16570899e-02  4.01194990e-02 -2.78196856e-02 -6.34122938e-02
 -1.21698473e-02 -3.85171697e-02 -8.49656984e-02 -3.85182830e-33
 -1.43462149e-02  3.03571392e-02  9.09544341e-03  9.44090337e-02
  2.65013538e-02 -3.60645279e-02 -2.89374357e-03  1.16765127e-03
 -2.89075281e-02 -2.45861914e-02  5.28107472e-02  2.50271317e-02
 -6.56917552e-03  3.55415419e-02  6.28703386e-02 -3.06222755e-02
 -3.59518640e-02  1.02535889e-01  1.58258807e-03 -1.51874003e-04
  1.51257813e-02 -6.13403432e-02  3.42554711e-02  1.50156645e-02
  6.00378104e-02  4.93064597e-02 -1.65209491e-02 -2.26736385e-02
 -1.19048757e-02  1.61529314e-02  5.40917851e-02  3.59505564e-02
 -8.92112553e-02 -3.04071493e-02  3.51669416e-02 -1.14094736e-02
 -6.83934689e-02 -4.54265028e-02  4.69759479e-02 -4.27084193e-02
 -7.42419586e-02 -6.06565271e-03  3.90134864e-02 -4.78878766e-02
  3.64153236e-02 -4.77400087e-02 -3.18350783e-03 -2.92004198e-02
  1.74532514e-02 -5.50799221e-02 -1.18307918e-02 -2.47289017e-02
  2.16668360e-02 -1.60789415e-02 -1.13711152e-02  3.96780632e-02
  8.91239494e-02 -5.04843555e-02  3.93406302e-02  6.90758601e-02
 -3.40634771e-02  4.73448709e-02 -7.30014965e-02 -4.67480272e-02
 -3.58612016e-02  9.01435167e-02 -7.42483325e-03  1.89550146e-02
  8.78546387e-02 -3.49686816e-02 -4.60132211e-02 -2.76100244e-02
  2.80940179e-02  1.20166503e-02 -8.40764120e-02 -3.61390188e-02
 -6.72179312e-02 -9.96512398e-02 -7.82364085e-02  4.50240709e-02
 -7.00027123e-02 -8.93836375e-03 -1.80256646e-02  2.54725083e-03
 -4.61129425e-03  9.56000388e-03 -3.45795006e-02  1.26533322e-02
  2.88658012e-02 -7.00715259e-02 -3.21110412e-02 -2.74612196e-03
 -3.94756999e-03  2.00317167e-02 -4.04910930e-02  3.47786993e-34
 -4.67441976e-02 -3.74002084e-02 -1.52381817e-02  7.66295865e-02
  1.20452400e-02 -1.31585859e-02  9.53853950e-02 -3.67808677e-02
  1.94971263e-02  7.98625406e-03 -3.55652682e-02  5.15911467e-02
 -2.11079814e-03  4.81347591e-02  1.91112272e-02 -5.56601621e-02
 -5.86143509e-02 -3.55981216e-02 -1.02624625e-01  2.89436672e-02
 -1.05927281e-01  4.16685604e-02  7.73963192e-03 -2.68408861e-02
  1.00982808e-01 -3.02894078e-02  1.36244884e-02 -5.70140705e-02
 -3.44605558e-02 -6.71187136e-03  4.75739054e-02 -2.41353102e-02
 -9.34461206e-02  3.28701176e-02  2.86497269e-02  1.48874484e-02
  5.61970919e-02 -3.50106657e-02  7.06441328e-02  7.60354996e-02
  6.43129125e-02  1.81338042e-02  6.83913380e-02  5.84553555e-02
  1.62488912e-04  6.27383441e-02 -8.22395831e-02  8.00259784e-02
  3.06149311e-02 -2.15071626e-02  2.39392202e-02 -1.24414759e-02
  2.59585716e-02 -5.65757826e-02  4.59909812e-02 -1.61153742e-03
 -1.14430962e-02 -1.40610719e-02  3.01656164e-02  4.30581672e-03
 -1.18584253e-01 -5.39843664e-02  1.74325071e-02  2.07317881e-02
 -5.66395372e-02 -2.87383609e-02 -4.12824489e-02  4.70391549e-02
 -1.14159629e-01 -7.48748034e-02  9.16503444e-02  6.27122372e-02
 -2.71731559e-02 -4.36315909e-02 -6.90822303e-02 -8.65401179e-02
  4.74014245e-02  4.20758426e-02 -3.67393307e-02 -1.08908652e-03
  6.90532923e-02  4.80571575e-02 -4.58594970e-02  3.02637555e-03
 -1.37463361e-01  4.05554548e-02  2.21968815e-02 -4.21708822e-02
 -4.31416519e-02 -8.53091106e-02 -1.42377138e-01  3.40516455e-02
  2.30232766e-03  4.07111682e-02 -6.37081042e-02 -1.90674267e-08
 -2.62785424e-02 -1.76895577e-02  1.48135900e-01 -4.95707896e-03
 -2.27524564e-02  4.57873978e-02 -1.90668441e-02 -9.25646443e-03
 -2.23686565e-02 -1.37556326e-02  3.90743837e-02 -5.57317697e-02
 -3.73038696e-03 -1.41984805e-01  1.48367718e-01 -7.14504207e-03
  1.04034267e-01 -1.92533638e-02  6.62488351e-03 -2.85729878e-02
 -2.56410595e-02  1.35896131e-02  2.62699295e-02  7.45216087e-02
  2.83199251e-02 -1.17031364e-02  8.48381445e-02  1.18845604e-01
 -3.69241796e-02 -4.55460744e-03 -2.67129275e-03  8.90821517e-02
  3.23705375e-02 -5.54227978e-02  7.42761493e-02  8.47178772e-02
 -1.09052630e-02 -2.05768663e-02  6.70130327e-02 -6.81278575e-03
 -8.35568737e-03  4.12634909e-02  1.06034484e-02  5.50464690e-02
  7.74077177e-02  4.70332615e-02 -2.23568100e-02 -3.81572917e-02
  2.72113476e-02 -2.67604571e-02 -7.38282949e-02 -3.78123447e-02
  3.81593034e-02 -2.18194760e-02 -5.93406186e-02  1.95562225e-02
 -3.08270585e-02 -2.64130533e-02  5.46448529e-02  9.74982828e-02
  7.53910318e-02  4.96061295e-02  1.02957431e-02 -3.25659253e-02]

Sentence 2 : I am learning programming.
Embedding: [ 1.75268017e-02 -1.71636697e-02 -7.51740560e-02  2.10146746e-03
 -2.57456582e-02 -7.00850263e-02  3.81085277e-02  1.08082429e-01
 -5.00448495e-02  1.82129424e-02 -2.26664133e-02  1.91366915e-02
  1.84677709e-02 -2.38022003e-02  4.85712998e-02 -8.73268489e-03
 -6.93969503e-02  1.64820987e-03  1.91343948e-02 -9.98935923e-02
  2.51773181e-05 -3.39558423e-02 -6.04554862e-02 -6.82925293e-03
  3.52855884e-02  5.26118241e-02 -9.01698507e-03 -6.71977829e-03
  9.68750119e-02 -5.01555540e-02 -1.05201297e-01  3.36569287e-02
  9.71104950e-02  2.37694550e-02 -2.33181939e-02  9.13775414e-02
  9.61059425e-03 -6.43259510e-02  1.41393654e-02  1.47784187e-03
 -1.08572096e-01  2.85584331e-02  8.23279028e-04 -3.10876258e-02
  5.40456548e-02 -3.18739675e-02 -5.43152504e-02 -9.13157221e-03
  4.33722138e-02  7.03775231e-03 -8.57494548e-02 -5.68805868e-03
 -6.31313026e-02 -2.92266458e-02  1.69731006e-02 -9.21586156e-03
  5.42808324e-02 -3.65459882e-02  6.88770413e-03 -8.43074843e-02
 -3.50649208e-02 -2.82735378e-02 -1.18227668e-01  1.08925104e-01
  1.84870698e-02 -2.65638381e-02 -1.30342813e-02  9.57691297e-02
  3.99343409e-02 -3.75010073e-02 -1.15295239e-01  7.32905930e-03
 -5.37925772e-02  1.13197803e-01  6.43077195e-02 -1.00182995e-01
  6.83222488e-02 -2.68398672e-02  7.25210309e-02 -6.24909764e-03
 -3.95383127e-02  1.56436376e-02 -4.67921384e-02  1.92341339e-02
  5.50678819e-02  8.54320824e-03  8.12132508e-02  1.50171876e-01
  5.32608889e-02  2.12062895e-02  2.34341584e-02  1.48871224e-02
 -3.97010706e-02  6.68121725e-02 -4.00578417e-03  4.01401557e-02
  5.96852526e-02 -6.16742931e-02  1.07897110e-02  7.34161511e-02
  3.08729545e-03 -2.02468969e-02  6.88006505e-02 -1.67941302e-02
 -4.85394113e-02 -3.64128361e-03  4.19421829e-02  7.20958933e-02
  3.50508057e-02 -8.33873823e-02 -1.04836980e-02  6.82817074e-03
 -7.58411586e-02 -2.06026994e-02  1.04717491e-02  7.40847513e-02
  3.10256891e-02  4.35348041e-02  7.21275061e-02  6.78653866e-02
  1.36908814e-02  7.25412145e-02 -4.42089997e-02 -2.13252995e-02
 -3.51964422e-02 -6.20234460e-02 -7.07345530e-02 -5.70055875e-33
 -4.10551811e-03  2.38610674e-02  1.26032718e-02  8.62665996e-02
  1.98803023e-02 -4.10225838e-02  6.48446530e-02  7.19245225e-02
 -6.09901957e-02 -5.37451496e-03  7.25678951e-02 -1.45349633e-02
 -1.89422444e-02  6.23720735e-02  2.47924048e-02 -4.87992428e-02
 -1.26051847e-02  7.78692141e-02 -2.85611916e-02 -9.95534123e-04
 -4.87921806e-03 -7.90293738e-02  5.06456196e-02 -3.74745578e-03
  4.93697599e-02  5.32111302e-02  4.17364091e-02 -3.82405482e-02
 -3.16179154e-04  2.11792756e-02  4.42421176e-02  1.43818902e-02
 -9.08778831e-02  1.86719336e-02  4.34388332e-02  1.01769315e-02
 -4.46826927e-02 -2.03943755e-02  7.08820671e-02 -4.25770730e-02
 -3.54532115e-02 -2.31283624e-03  5.01653552e-02 -6.40695319e-02
  7.66607821e-02 -2.43248492e-02  4.43187132e-02 -1.08254505e-02
 -7.95487612e-02  1.13473730e-02 -6.41267151e-02  6.32664189e-03
  1.78417470e-02 -3.87846678e-02 -4.77449186e-02  2.10052859e-02
  5.63671701e-02 -9.16760706e-04 -1.99509859e-02  5.76480292e-02
 -5.61700352e-02  4.68145050e-02 -1.24213509e-02 -1.45418057e-02
 -3.43193039e-02  8.34030434e-02 -4.01718430e-02  1.38594070e-02
  9.92680117e-02 -2.46575195e-02 -4.58852462e-02 -4.10144264e-03
  2.94685997e-02  5.94706126e-02 -5.48305996e-02 -2.32857335e-02
 -1.67250540e-02 -7.74362460e-02 -7.11527243e-02  1.96668804e-02
  8.99957435e-04  4.30437224e-03 -1.03184273e-02 -3.90490815e-02
  3.48409340e-02  4.09869617e-03  9.28021315e-03 -5.31193428e-02
  2.03247592e-02 -2.11493615e-02 -3.59741561e-02 -3.15513164e-02
 -2.92530563e-03  2.78131533e-02 -4.69471663e-02  2.74275764e-33
  5.79988118e-03  2.00630091e-02 -4.38381732e-02  3.08641884e-02
 -3.80483232e-02  2.20474359e-02  1.04951210e-01 -9.07904655e-03
 -6.55080704e-03  1.65909026e-02 -3.16865854e-02  2.48719044e-02
 -2.61903498e-02  5.97809441e-02  3.91838923e-02 -4.39998023e-02
 -7.98690990e-02  3.62564288e-02 -6.41026720e-02  1.76738054e-02
 -1.22223035e-01  6.75472766e-02 -2.98492219e-02 -7.65675271e-04
  8.11691582e-02 -2.47359611e-02  1.04928957e-02 -8.28429498e-03
 -2.92713176e-02  6.35586157e-02  5.49844187e-03 -3.50830778e-02
 -7.44727924e-02  3.55286268e-03  2.58700475e-02 -7.41213141e-03
  5.84480688e-02 -3.90851349e-02  3.17538157e-02  7.46120140e-02
  9.06077325e-02 -2.68533658e-02  7.47806877e-02  7.68891871e-02
 -3.58440587e-03  1.26972422e-02 -6.16948642e-02  6.01816848e-02
  1.17327115e-02 -2.45860200e-02  9.66403924e-04 -2.82682385e-02
  5.03422841e-02 -1.04064539e-01  1.23814372e-02  7.29347288e-04
  3.87279615e-02 -4.74098325e-02  2.12975722e-02 -5.50297182e-03
 -1.21403024e-01 -4.59372811e-02  5.67856431e-02  3.31176482e-02
 -3.77885662e-02 -6.70456514e-02 -7.78018832e-02  1.43728722e-02
 -6.94233328e-02 -6.16097823e-02  4.99821268e-02  6.60830066e-02
 -3.28034349e-02 -5.06629832e-02 -7.83739090e-02 -5.69105558e-02
  1.44535359e-02  3.96100692e-02 -5.36254309e-02  4.19586785e-02
  9.04337168e-02 -1.40647674e-02 -1.00239050e-02  4.36978526e-02
 -1.28962249e-01  3.31031345e-02  3.13529857e-02  1.75683070e-02
 -2.54037827e-02 -5.78675307e-02 -9.72786546e-02  9.22860652e-02
  3.04523185e-02  7.83847738e-03 -7.54064023e-02 -1.35859839e-08
 -3.50657925e-02 -4.46625836e-02  9.91632938e-02 -2.32535396e-02
 -1.24766678e-02  8.11514556e-02 -5.39922453e-02 -3.15014310e-02
 -6.99649826e-02 -4.78000157e-02  7.03743026e-02 -3.76695096e-02
  1.79557987e-02 -7.01409504e-02  1.36654884e-01  8.17378331e-03
  7.81223699e-02 -4.09334078e-02 -1.12169692e-02 -1.04950219e-02
  2.77072825e-02 -2.28076577e-02  2.36349571e-02  9.64402035e-02
 -2.17623468e-02 -3.42590846e-02  8.60897228e-02  1.40783519e-01
  2.71301568e-02 -2.10940167e-02  1.70349497e-02  7.43118823e-02
  4.34809476e-02 -8.44859779e-02  4.49342914e-02  4.18353118e-02
  8.12856480e-03 -3.85032743e-02  5.90126887e-02 -1.86288916e-02
 -1.97643712e-02  4.10182178e-02  2.44639684e-02  3.97863146e-03
  2.29483098e-02  4.30890471e-02 -4.88286838e-04 -7.87159428e-02
 -9.26643517e-03 -4.83067408e-02 -5.32101393e-02  9.50256886e-04
  3.80742140e-02 -1.68136545e-02  7.60649517e-03  5.75306974e-02
 -8.97693634e-02 -4.96765859e-02 -2.80527107e-04  1.12762742e-01
 -2.57254560e-02  4.60617207e-02 -2.35458408e-02 -6.52193418e-03]

Sentence 3 : Python is a popular programming language.
Embedding: [-3.08317039e-02 -1.33598475e-02 -9.17528663e-03  1.17876949e-02
 -3.82964127e-02 -1.15767375e-01  9.77411680e-03  9.26624238e-02
 -4.56491336e-02  2.23223157e-02 -2.55731251e-02  6.79148659e-02
  6.82546645e-02  4.59249504e-02  7.08665922e-02 -3.43022011e-02
 -8.17520246e-02 -4.43923846e-02  2.06385627e-02 -1.45590782e-01
 -8.03904757e-02  3.70667055e-02 -8.42212047e-03  4.30316245e-03
  3.04383505e-02 -1.69310197e-02 -4.40549338e-03 -3.19071971e-02
  1.24902921e-02 -5.31150121e-03 -6.92988709e-02  1.08766817e-01
  5.14886938e-02 -1.17149884e-02 -4.05980158e-04  4.72921357e-02
 -1.16853062e-02 -8.49936455e-02 -5.19409068e-02  2.10666619e-02
 -6.88975081e-02  5.69151193e-02 -1.66273639e-02 -4.40136418e-02
 -5.24169952e-02  4.13457155e-02 -5.70358634e-02  2.43256590e-03
  4.59900417e-04  2.85825902e-03 -9.13769752e-02  3.05287563e-03
 -3.93199958e-02 -6.62349612e-02 -6.27440214e-03 -5.07332087e-02
  4.67268899e-02 -1.72073133e-02  3.35509377e-03 -1.24164164e-01
 -9.08173993e-02  1.91375539e-02 -7.03779096e-03  9.19208452e-02
 -5.35102701e-03  1.48991924e-02 -8.87105148e-03  1.86554734e-02
  6.21194765e-02 -4.99335751e-02 -1.16542906e-01 -4.25200127e-02
  1.05846981e-02  1.10951543e-01  5.84411994e-02 -9.98667628e-02
  7.12630972e-02 -2.96552014e-02  2.65476126e-02  3.61708663e-02
  1.02489628e-02 -5.04193176e-03 -6.57113567e-02  9.64677557e-02
  2.78699100e-02 -2.45268438e-02  1.42064942e-02  9.08203796e-02
 -2.42767595e-02 -1.97140574e-02  1.96146388e-02 -5.15342243e-02
  3.30729000e-02  2.22229213e-02 -4.05981205e-02  8.27115104e-02
  2.81937867e-02 -4.69501168e-02 -3.76343094e-02  5.70817329e-02
  1.02757169e-02 -7.05154613e-02  7.09265172e-02  1.21907089e-02
  3.86010706e-02  8.36298987e-03  7.78160691e-02 -2.80020759e-02
  1.02956772e-01 -2.09475067e-02 -4.36037630e-02 -4.62444201e-02
 -3.67645994e-02 -4.59798202e-02  5.30621447e-02  4.98910695e-02
  5.98507328e-03  9.76966321e-02  1.09565891e-02  3.58561575e-02
  3.02608367e-02  1.62165966e-02  3.25282360e-03 -2.15417221e-02
 -9.62671451e-03 -1.23077640e-02 -2.27848403e-02 -5.27710675e-33
 -3.91033851e-02 -4.34203297e-02  5.29995225e-02  1.49583044e-02
  2.79667526e-02 -2.14725714e-02  5.15815280e-02  1.61524005e-02
 -6.75783232e-02 -6.61108196e-02  1.84051394e-02  8.06345195e-02
 -2.08768365e-03  9.29377005e-02  3.92945632e-02 -2.14187745e-02
  4.96386476e-02  8.08910578e-02  4.86569069e-02  1.84760458e-04
  6.43277690e-02  5.75089678e-02  4.88017611e-02  1.54112382e-02
 -1.43607147e-03 -4.23615798e-02  1.08097987e-02 -3.83575968e-02
  7.21362978e-02  3.11639253e-02 -3.66725139e-02 -3.08266599e-02
 -5.91928400e-02  5.81664639e-03  6.86601130e-03 -1.85404401e-02
 -1.62517559e-02 -1.11031413e-01  8.90351683e-02  1.90226585e-02
 -2.76598595e-02  4.69282083e-02  6.16417918e-03 -1.71213672e-02
 -1.10194972e-02  4.85831052e-02 -3.17156650e-02  2.32991222e-02
 -4.75306436e-02  1.21228658e-02 -1.80942565e-02 -4.82376181e-02
  6.73762336e-02  7.99396038e-02 -5.05945645e-02  4.78234701e-02
  3.61228473e-02  3.58048305e-02  7.86343124e-03 -4.67971154e-02
 -3.79116684e-02  8.59813765e-02  6.80024028e-02 -2.61945371e-03
 -3.01565579e-03  5.81934229e-02  3.66326720e-02  5.58958016e-02
  2.05830317e-02  9.08196047e-02 -5.79517446e-02  3.86139378e-02
 -6.01181574e-02  1.47647336e-02 -3.54801789e-02  1.30521487e-02
  4.47435081e-02 -7.77957961e-02  4.58623320e-02  5.53149618e-02
 -4.13164906e-02 -3.84599939e-02  1.47980945e-02 -2.41420884e-02
  1.71692651e-02 -1.95440575e-02  4.08565720e-05  1.71048008e-02
  8.62736534e-03 -3.81963626e-02 -6.59313500e-02 -5.24996370e-02
  2.54492071e-02  4.19471487e-02 -4.10482660e-02  3.52953273e-33
 -4.48191762e-02 -1.05863865e-02 -3.07027698e-02  6.11166544e-02
 -7.59381428e-02 -5.70928864e-02  3.78032699e-02 -2.64002159e-02
  3.23368199e-02  2.49430351e-02 -9.07888357e-03 -6.28829151e-02
  1.18145674e-01  3.14506032e-02  9.40781310e-02  4.80226316e-02
 -3.62253301e-02  1.32660649e-03 -1.49648432e-02  8.37052148e-03
 -1.18207939e-01  2.89677940e-02 -7.62947723e-02 -9.00925547e-02
  1.35308551e-02 -3.24792005e-02 -9.03933570e-02 -5.10027967e-02
 -1.17782122e-02  6.04850836e-02 -2.62956731e-02  2.55103800e-02
 -7.09441528e-02  4.31961939e-02  5.85085228e-02  8.47503636e-03
  3.10263857e-02 -3.53161730e-02  2.01469171e-03 -1.89289302e-02
  9.90342349e-02  4.88414355e-02  6.26460910e-02  7.07605034e-02
 -1.85395777e-02  4.36552539e-02 -7.11901933e-02  8.48675892e-02
 -2.15973835e-02 -4.40197363e-02 -1.71385333e-02  1.72509458e-02
  4.08277810e-02 -6.32655323e-02 -2.68393904e-02 -1.06745064e-02
  2.83627827e-02  5.35845980e-02 -1.20522775e-01 -1.19535429e-02
 -5.91762178e-02 -6.17215820e-02  1.36862127e-02  2.80764699e-03
 -1.15992352e-02  3.30592878e-02 -1.27773553e-01 -2.20838655e-02
 -8.95214677e-02 -1.44867882e-01  1.29286453e-01  4.53189723e-02
 -3.47109251e-02  3.21870707e-02 -9.00945440e-02  5.36096245e-02
  3.41956876e-03 -7.81758782e-03 -4.47558947e-02  5.92628010e-02
  1.22700743e-01  2.42268946e-02  3.93329328e-03  1.30634112e-02
 -7.63479620e-02  7.12986710e-03 -2.20496003e-02  1.73750147e-02
 -1.95700745e-03  1.10830767e-02 -2.08188221e-02  2.70782653e-02
  5.24255596e-02  2.74721719e-02 -1.60794277e-02 -1.49789496e-08
 -3.63355428e-02 -1.11504374e-02  8.42873827e-02  4.05092277e-02
  1.59776565e-02  7.67302811e-02  1.22039160e-02 -3.15824598e-02
 -4.60383222e-02  2.15847269e-02 -2.83607282e-02 -6.21630363e-02
 -5.37539274e-02 -4.54956517e-02  2.73751691e-02  1.10094048e-01
  1.82286613e-02 -5.13098650e-02 -7.57614942e-03 -4.26800363e-03
  4.09539826e-02 -3.96565534e-02  2.39751618e-02  5.44214025e-02
 -8.26921165e-02  8.55193194e-03  6.29322529e-02 -1.11225620e-03
 -7.87794869e-03 -9.77381542e-02 -8.13699886e-03 -7.94755518e-02
 -9.98247135e-03  1.00718299e-02  5.53757064e-02  2.24035420e-02
 -1.17762722e-02 -5.90253510e-02 -6.06017013e-04  1.48746958e-02
 -2.20029764e-02  4.36991490e-02  3.22318114e-02  1.78678464e-02
  3.13735940e-02  4.16951664e-02 -2.79077813e-02 -5.15626110e-02
 -2.78924108e-02 -3.30495089e-02 -1.08800188e-03 -3.92555781e-02
  5.52225905e-03 -2.34503727e-02  6.67817295e-02  6.30381033e-02
 -8.90969932e-02 -3.28473225e-02  5.16684214e-03  1.53549248e-02
  1.63750146e-02  1.20553754e-01  1.66135460e-01  2.67241672e-02]

Sentence 4 : I enjoy watching movies.
Embedding: [ 1.17117651e-02 -1.24422558e-01 -1.11634191e-02  3.68957222e-02
  1.01780137e-02  5.22617996e-02  1.03929713e-01  3.48715447e-02
  9.12041143e-02  2.09313631e-02  6.41656388e-03  2.14460362e-02
 -3.88059877e-02  1.16629563e-01  2.58048326e-02 -2.88634077e-02
  4.13816087e-02  5.77511918e-03 -7.70942401e-03 -1.42742172e-02
 -7.10541457e-02  3.16585004e-02  4.42638062e-02  1.74917076e-02
 -3.46605945e-03  7.06276670e-03 -1.82955917e-02  1.64715610e-02
 -6.40478581e-02 -3.27482037e-02  2.63778493e-03  8.67622569e-02
 -1.82150695e-02 -2.75783744e-02 -3.86108868e-02 -1.41751608e-02
  1.36297438e-02 -5.46786040e-02  1.16697308e-02 -5.66185277e-04
  6.08866708e-03  3.69668528e-02  1.49065793e-01 -7.03469571e-03
  1.10506043e-02 -8.22177455e-02 -3.69566940e-02 -1.77132171e-02
  9.53474939e-02  2.97743585e-02  2.66515408e-02  1.35845676e-01
 -6.68411478e-02  3.05062123e-02  4.47356179e-02 -1.02983201e-02
  7.99005292e-03 -2.92136557e-02  2.78827175e-02 -6.13884777e-02
  2.30795722e-02  2.87807174e-02  5.97511791e-03  3.35838720e-02
  4.08994127e-03 -1.45157119e-02  1.03607588e-02  4.64499183e-02
 -2.03920831e-03  5.74583225e-02 -1.03193834e-01  6.50541335e-02
  4.74977009e-02  2.30799466e-02  2.74414402e-02 -2.01268885e-02
  2.23429129e-03 -5.17703369e-02  4.53654267e-02 -2.65566520e-02
  3.25245000e-02 -8.22291151e-02 -1.87603086e-02 -2.35035196e-02
 -1.47461127e-02 -7.49273449e-02  2.35209651e-02  6.68402314e-02
 -7.38682002e-02  6.05690256e-02 -6.54015169e-02 -2.09460850e-03
 -6.34542778e-02  1.83446221e-02 -3.27071152e-03 -1.27870869e-02
  6.40779501e-03  2.42492054e-02 -6.21171482e-03  6.29470348e-02
  2.43088398e-02 -2.56924760e-02  1.90695878e-02  7.65967295e-02
 -5.16042300e-02  2.27775872e-02 -4.24748510e-02  6.68833181e-02
  3.63395214e-02 -6.31883889e-02 -5.75023852e-02  6.36425018e-02
 -9.04364511e-03  1.50366472e-02  1.85120124e-02  8.18362832e-02
  4.99333777e-02  4.51299027e-02  7.35766515e-02  1.19954906e-02
 -9.13929194e-03  6.36533499e-02 -2.22189128e-02 -4.06726636e-02
 -2.35432219e-02 -6.60388172e-02  1.39495777e-02 -4.52856260e-33
 -6.82929754e-02 -7.59357288e-02  3.04111689e-02  3.63103114e-02
 -6.10021390e-02  6.79769516e-02  1.64312460e-02  1.92104150e-02
 -2.34840121e-02 -2.96881516e-03 -5.45413839e-03  3.39657664e-02
 -8.69057551e-02  5.30917086e-02  3.40286526e-04 -1.48461404e-04
 -5.10734916e-02  6.05213009e-02 -8.10467377e-02 -4.48454805e-02
 -1.53449876e-02 -5.87454624e-02  8.82231537e-03  1.10256359e-01
 -5.50353602e-02 -7.71120936e-02  3.04763913e-02 -1.02778487e-01
 -3.08141578e-03  4.68244664e-02  2.95246951e-03  7.48216286e-02
 -3.54380980e-02 -6.69278204e-02 -9.62980557e-03 -3.23857404e-02
 -4.94034328e-02  2.23619193e-02  1.50550716e-02  1.00224447e-02
 -1.24667156e-02  2.19208449e-02 -7.37963021e-02  8.73713568e-03
 -2.02245899e-02  3.27153280e-02  8.81060436e-02  3.42615284e-02
 -9.11756903e-02  5.70061281e-02 -5.77177294e-02 -1.99062638e-02
  4.01795991e-02 -4.09140177e-02 -2.57634073e-02  3.94107662e-02
  7.56797846e-03 -4.31206338e-02  3.43143418e-02 -6.92856610e-02
 -2.21382417e-02  4.47680652e-02 -2.92824991e-02 -6.49867281e-02
 -5.75012341e-02  1.49901494e-01  7.73164406e-02  3.70081700e-02
 -8.47339164e-04 -8.41375347e-03 -4.17167582e-02  5.52897826e-02
  4.94427048e-03 -6.34127110e-02 -1.58355217e-02  1.40395369e-02
  1.78208761e-02 -1.56017169e-02 -4.44255099e-02 -2.34772135e-02
  3.57560106e-02 -4.14041951e-02  2.26351935e-02 -5.49879000e-02
  5.78348339e-02 -5.64877037e-03 -7.61937052e-02 -1.47741064e-01
  6.45442903e-02 -1.94113050e-02  2.71819606e-02 -1.18910097e-01
  5.99401370e-02 -1.70493219e-03 -8.77639800e-02  4.43266834e-33
  5.22848330e-02 -1.42260864e-01 -4.74131107e-03 -3.11203897e-02
 -4.37733382e-02 -6.36797398e-02 -8.71406123e-02 -2.48625819e-02
  6.08072663e-03  6.23274781e-02 -2.02442612e-02 -2.58480646e-02
 -7.26768970e-02  1.95266474e-02  3.09434906e-02 -6.53143823e-02
 -4.29241210e-02 -7.15729408e-03 -2.85698865e-02  7.54126459e-02
 -9.55501013e-03  2.65175756e-03  1.40292561e-02 -3.52308862e-02
  7.95708448e-02  1.93890724e-02 -2.09508818e-02  1.53717920e-02
  1.41331805e-02  5.20872697e-02  9.41501372e-03 -8.42638314e-03
 -7.14741796e-02 -5.67637794e-02 -3.02522592e-02  2.10618600e-02
  7.33260065e-02 -4.18919586e-02  3.87807959e-03  1.66434217e-02
  7.87889061e-04  9.40740779e-02  5.84135652e-02  3.42918113e-02
  3.96340787e-02  2.88506933e-02  3.65053602e-02  3.85775082e-02
 -7.38344267e-02 -1.88835487e-02 -5.07230349e-02  3.95949706e-02
  4.45241518e-02 -1.38504595e-01  2.97369715e-02  4.94918153e-02
  2.37613497e-03  1.12715373e-02  2.45549325e-02  1.56507436e-02
 -4.97791991e-02  3.93828005e-02 -9.11614224e-02 -8.64062179e-03
 -2.01594569e-02 -3.34969796e-02 -3.81300189e-02 -9.05773975e-03
 -2.37939507e-02 -6.76800460e-02 -6.58738939e-03 -8.06906968e-02
 -9.04414952e-02 -5.10062799e-02 -3.85522284e-02 -5.31588309e-02
  8.07128788e-04  4.04376872e-02 -7.47201405e-03  2.92443130e-02
 -2.69032419e-02  4.60105762e-02  5.02617210e-02 -3.20347361e-02
 -5.70946299e-02  2.82562077e-02  1.55601492e-02  5.35027683e-02
 -3.25128920e-02 -6.86457753e-03  3.88533734e-02  2.70444956e-02
 -2.54731812e-02 -4.79407012e-02  1.75077841e-02 -1.42207215e-08
 -6.09383546e-02 -3.94111557e-04  1.78044178e-02 -2.52343491e-02
 -6.77081873e-04  3.08898017e-02 -3.24014872e-02  1.15318425e-01
  4.73677926e-02 -7.01914281e-02  1.12981781e-01 -5.75269163e-02
  4.71639819e-02 -2.90593673e-02  1.05509266e-01 -4.21816157e-03
  1.24107942e-01 -3.43748853e-02 -5.54315699e-03  9.50012133e-02
  4.89104800e-02 -1.96005590e-03  7.31251910e-02  5.48750795e-02
 -9.06909704e-02  3.15215439e-02  4.70446721e-02 -3.23775038e-02
  9.09022540e-02  1.39961522e-02 -1.53157208e-02  9.66218412e-02
 -8.06934014e-02 -2.85153016e-02  2.65540276e-02 -5.52828647e-02
  1.12113893e-01 -1.13817170e-01  3.11767519e-03 -1.29828276e-02
  3.22516859e-02  1.76049210e-02  1.04205627e-02 -9.44950711e-03
  1.62462927e-02  9.43066180e-02  1.49967492e-01 -7.48438910e-02
  1.22169405e-03  8.49383511e-03  1.03863468e-02  3.32912728e-02
  5.89760467e-02  3.94523889e-02  6.52856156e-02 -4.37258221e-02
  1.57430442e-03  3.68738547e-02 -2.93902289e-02 -7.67897535e-03
  8.49049613e-02  2.15973053e-02 -1.82534885e-02 -4.35532741e-02]

Sentence 5 : The new movie was very interesting.
Embedding: [-8.47523957e-02 -4.87358347e-02  8.37047584e-03  2.44297879e-03
  5.01430454e-03 -4.00739163e-02 -1.52618038e-02  1.73133402e-03
 -1.47706019e-02 -3.10992356e-02  4.00260463e-02  1.10679761e-01
 -5.86779453e-02 -6.62563078e-04  1.28609696e-02  5.31749160e-04
  1.06209897e-01 -9.09244269e-02 -3.44207510e-02 -7.05811530e-02
 -6.50440296e-03 -3.53295058e-02  8.10514614e-02  2.34111454e-02
 -4.40506004e-02 -2.08477639e-02  6.70415238e-02 -9.36568994e-03
  3.64432409e-02  2.60630790e-02 -2.00789589e-02  1.63264215e-01
 -5.05134873e-02 -3.20382081e-02 -4.10982072e-02  3.50297126e-03
  7.51121640e-02  5.53961061e-02  5.10787684e-03 -2.37719826e-02
 -1.36823505e-02 -4.89579476e-02  1.16205104e-01  1.28706833e-02
  2.74453200e-02 -4.84974906e-02 -2.74937972e-02 -3.42140123e-02
  7.65424296e-02  1.01295374e-02 -5.46094589e-02 -1.97710115e-02
 -2.94392295e-02 -9.79726762e-02  2.96269171e-02 -5.88413551e-02
 -1.39647862e-02 -6.45029396e-02  4.60476093e-02 -8.28219876e-02
  2.70522032e-02  9.64612700e-03  7.03218281e-02  1.47431837e-02
  6.06696792e-02 -1.15621358e-01 -4.67279591e-02 -1.48027986e-02
 -3.85218337e-02  1.77930016e-02 -4.95993271e-02  4.88040559e-02
  3.95353027e-02 -7.36437589e-02  3.00239474e-02 -2.03342084e-02
 -2.54337955e-02  7.15757459e-02 -2.90738307e-02 -2.20191684e-02
  7.14632794e-02 -1.53404713e-01 -3.52129377e-02 -2.21366398e-02
  2.45587081e-02 -2.05160957e-02 -1.61007326e-02 -4.90864590e-02
 -4.06942405e-02  9.79871228e-02  1.58371180e-02 -1.28245039e-03
 -3.78275774e-02  4.03764211e-02  2.00993214e-02 -4.42117862e-02
 -2.56803855e-02  8.03241432e-02  7.84440115e-02  5.69460243e-02
 -1.61969829e-02  4.59268391e-02 -3.58936042e-02  3.06717474e-02
  7.12493882e-02  1.84606563e-03  9.07173380e-02 -3.84643190e-02
 -1.64897814e-02 -2.23445296e-02 -8.61799624e-03  4.60328050e-02
  4.52312864e-02  3.19960229e-02  1.68005459e-03  8.71679857e-02
  8.03374276e-02  3.73434536e-02 -7.51083866e-02  5.20143509e-02
  1.08867489e-01  1.60265714e-02 -6.89492002e-02 -2.62639411e-02
 -3.17097604e-02 -1.19542200e-02  2.55947355e-02 -5.37534171e-33
 -2.62680780e-02 -1.93698183e-02  2.17874106e-02  7.50073940e-02
  2.80685574e-02  7.80988345e-03  2.58524846e-02  3.14065740e-02
 -6.27733544e-02  1.61619578e-02 -1.64888613e-02  1.46581549e-02
 -2.19005737e-02 -5.85401915e-02 -8.23916122e-02 -1.79089233e-02
 -1.42655939e-01 -1.23629319e-02  6.22226521e-02 -2.20146105e-02
 -2.17667278e-02  1.48350611e-01 -1.42458538e-02  9.70428716e-03
 -6.83757430e-03  5.84874898e-02  3.46951261e-02 -1.12880059e-02
  2.11029965e-02  3.83272022e-02 -6.38702363e-02  5.11415787e-02
 -2.28253268e-02  2.02166270e-02  3.88975698e-03 -6.99066883e-03
 -5.31269982e-02 -9.28883478e-02  2.41880007e-02  5.33077791e-02
  4.94992584e-02  2.52798721e-02 -7.62865245e-02 -2.30766367e-02
 -6.18355870e-02  2.21548751e-02 -5.51263196e-03 -1.63267814e-02
 -1.17603806e-03  2.57318001e-02 -1.49900485e-02 -3.29991318e-02
 -4.10982743e-02  8.74620769e-03 -2.70709172e-02  5.64088896e-02
 -3.77539694e-02 -1.35489991e-02  8.80853757e-02 -6.53374344e-02
 -1.20332288e-02  8.34514052e-02 -6.71931030e-03  6.50036409e-02
 -2.39313431e-02  1.09000601e-01  4.33430895e-02  8.08092020e-03
 -1.51187461e-02  4.75127622e-02 -5.40695637e-02 -2.36006826e-02
 -2.23906264e-02 -5.13486005e-02  3.35871652e-02 -1.54654514e-02
 -9.65421367e-03 -2.22851094e-02 -2.04966739e-02 -6.32116944e-02
  3.56175303e-02 -2.15352364e-02  6.09459244e-02 -2.12271474e-02
 -5.39498366e-02 -1.59634780e-02 -1.30609637e-02 -2.04697680e-02
  5.47406590e-03 -2.07492467e-02  5.82514331e-02 -6.31623641e-02
  5.58286346e-03 -3.27850021e-02  5.23008630e-02  4.01137117e-33
 -2.23825071e-02 -6.60230368e-02 -6.07591644e-02 -1.04802800e-02
 -7.36935884e-02 -1.69356279e-02 -9.73579064e-02  5.41117862e-02
  2.93351021e-02 -8.34496983e-04  5.67282401e-02  1.46244550e-02
  2.55131479e-02  1.37016168e-02  6.84907064e-02 -2.18140706e-02
 -3.54808047e-02  1.43165216e-02  2.42671426e-02  1.11037850e-01
  5.03472798e-02  7.12622190e-03 -7.58534446e-02 -6.16047345e-02
  9.80607495e-02  6.01249449e-02 -6.65015215e-03  2.80462820e-02
 -1.47161754e-02 -7.73062706e-02 -4.94042188e-02 -3.14810984e-02
 -5.24180084e-02  3.39249969e-02 -4.73546386e-02  8.03823322e-02
  6.64962754e-02 -9.31354985e-02  3.80046256e-02 -1.18740844e-02
 -9.95064341e-03 -5.72211519e-02  3.77356564e-03  3.86973210e-02
 -4.12034942e-03  2.18099412e-02  2.39818473e-03  8.51935893e-02
 -4.18438502e-02  1.38454847e-02 -1.95660200e-02  2.55173985e-02
 -1.94883384e-02 -4.70108129e-02 -4.16864976e-02  7.44706467e-02
 -9.48430412e-03  1.00112148e-02  6.41918778e-02  4.84386366e-03
 -8.47422555e-02 -3.15048471e-02 -1.09026581e-02 -4.63377349e-02
 -2.33375188e-02  9.69361514e-03 -7.44696259e-02 -1.91327650e-02
 -6.60582557e-02 -2.26037744e-02 -6.49291351e-02 -3.23703103e-02
 -1.06910244e-01  4.84638400e-02  2.73815319e-02 -5.11642396e-02
  1.06344447e-02 -5.28334379e-02 -3.95385129e-03 -9.77329910e-03
  1.75791117e-03 -2.48968937e-02 -7.89709482e-03 -1.26050524e-02
  8.52420852e-02  1.69738591e-01  1.50294388e-02 -5.85520118e-02
 -6.58663176e-03  1.76654067e-02 -3.93421575e-02 -6.52217343e-02
  1.17852176e-02  5.04998863e-02  1.40626840e-02 -1.67238454e-08
 -9.94794257e-03  4.09220159e-02 -1.93331726e-02 -3.81768830e-02
  1.45154353e-02 -2.77180467e-02 -1.05349660e-01  1.25145495e-01
 -6.49254546e-02  1.12289682e-01 -5.54501684e-03  2.65426729e-02
  6.25740737e-02  9.74749252e-02  2.36752722e-02  7.76526928e-02
  1.03413142e-01 -4.84487154e-02  1.09688600e-03  3.71930711e-02
  5.63352881e-03  2.50411537e-02  7.37353116e-02 -1.94920078e-02
 -1.77791119e-02  3.11185848e-02 -5.62535152e-02 -1.02229856e-01
  4.19402942e-02 -1.07398294e-02 -1.37068741e-02  3.82222123e-02
 -4.35373597e-02  4.34154123e-02 -6.20032772e-02  4.84305853e-03
 -3.27554718e-02 -2.86650341e-02  8.54528546e-02 -9.31565091e-02
  5.00235707e-02  7.08074868e-02 -4.31793965e-02  3.88358086e-02
  7.24271983e-02  4.22094502e-02  6.55701309e-02 -9.04559568e-02
  7.03261467e-03  2.17614863e-02  9.06858891e-02  1.95912048e-02
  1.42164412e-03 -3.26822838e-03  1.11507967e-01  1.12181762e-02
 -4.07462269e-02  2.03090142e-02 -1.65935773e-02  5.87894283e-02
  7.06373677e-02  9.06926300e-03 -1.16582494e-02  6.63025230e-02]

Sentence 6 : I like playing cricket.
Embedding: [ 4.25363779e-02  8.85688420e-03  2.30969934e-04 -1.99648309e-02
 -1.24624828e-02  1.55886821e-02  7.18780383e-02  1.12093724e-02
  1.86784733e-02  1.51844621e-01 -1.91088654e-02 -1.16863921e-01
  2.09989818e-03  5.99510334e-02  1.41029462e-01 -5.10375435e-03
  1.96732511e-03 -6.81459308e-02  2.14728210e-02 -2.48787384e-02
 -1.12815522e-01  1.21349864e-01  4.33225073e-02 -5.35657890e-02
 -8.80128762e-04  3.15338075e-02  3.41477478e-03  3.83650213e-02
 -4.26904261e-02 -3.81250195e-02 -1.44958962e-02  9.78007615e-02
 -4.72161919e-02  3.75810340e-02 -9.14959610e-02 -2.68293172e-02
 -1.13722670e-03 -4.85868519e-03  7.32089356e-02 -1.65133812e-02
  6.52485620e-03 -2.28832792e-02  7.67697096e-02  2.14706473e-02
 -6.79823011e-02  3.36878821e-02  2.84091826e-03  1.12024099e-02
  6.70283139e-02  7.31923524e-03  1.12874746e-01  4.31599915e-02
  6.38514012e-03 -5.32802241e-03  7.85571784e-02 -6.17458969e-02
 -4.09599952e-02  7.43446797e-02  1.39674675e-02 -4.79863323e-02
  6.68967813e-02  3.84473540e-02 -2.38164477e-02  4.80042957e-02
  4.07846458e-03 -6.31997809e-02 -2.00819392e-02 -6.58951141e-03
  4.37798761e-02  2.55129319e-02 -3.22441347e-02  3.00580636e-02
  3.36562172e-02  1.71565861e-02 -8.74409685e-04  8.58697295e-03
  3.64215113e-02 -3.21193486e-02 -2.69129723e-02  1.53986793e-02
  5.75682102e-03 -4.45613712e-02 -1.47066424e-02  4.12897617e-02
 -2.60955673e-02 -1.26770169e-01  1.77445840e-02  2.68383119e-02
 -1.54723087e-02 -3.46648768e-02 -4.27742815e-03  4.99124974e-02
 -1.15660783e-02  3.37858982e-02 -7.58680180e-02  3.77478562e-02
  3.57472314e-03 -1.29632500e-03 -6.47117123e-02  9.97922719e-02
 -1.04382494e-02 -5.37402881e-03 -3.75398877e-03  1.22627541e-01
 -8.18902105e-02  3.82224955e-02 -1.03771701e-01  4.54786979e-02
  6.03113621e-02 -6.45314083e-02 -4.41947840e-02  3.36008631e-02
 -6.59747496e-02  1.90657247e-02 -3.23377289e-02  5.84294908e-02
  3.55809252e-03  4.49860133e-02 -9.04302020e-03  3.69140320e-02
  1.25825126e-02  3.35555188e-02 -5.75219244e-02 -1.60661489e-02
  3.17119919e-02 -1.88818816e-02  3.76514979e-02 -5.37892697e-33
 -4.39644381e-02 -9.24391299e-02 -5.15571190e-03 -2.42319275e-02
 -4.87994868e-03  4.41502174e-03  4.30287980e-02 -2.18377747e-02
 -2.32765898e-02 -1.88336917e-03  4.52328026e-02  1.68589521e-02
 -3.56393941e-02  3.02531477e-02  6.36311769e-02 -3.43083739e-02
 -5.05470820e-02  3.76620293e-02 -2.11499743e-02  2.81643309e-02
 -7.76590407e-03 -8.39238614e-02  5.30263856e-02  3.29220593e-02
  3.11596859e-02 -2.69703902e-02  1.07473180e-01 -1.43434078e-01
  5.90664819e-02  2.26919539e-02  7.73884952e-02 -2.16617230e-02
 -1.02544025e-01 -4.83200233e-03 -1.24585479e-02 -2.34597567e-02
 -2.48191357e-02 -4.04545069e-02  2.62720622e-02 -1.28168822e-03
  1.71465054e-02  1.78131484e-03 -4.80540469e-02  9.17052198e-03
  1.58600137e-02 -1.11546239e-03 -3.29694599e-02  7.80845061e-03
 -8.08036253e-02  1.90224592e-02  6.94508059e-03 -1.63284335e-02
  7.39142671e-02 -6.91339280e-03  3.81425284e-02 -4.87994738e-02
  2.81934589e-02 -4.08978499e-02 -3.43798213e-02 -1.74795911e-02
 -1.72529090e-02 -4.90648299e-02 -5.23767695e-02 -1.84791479e-02
 -5.29612042e-02  4.73188236e-02  5.23693897e-02 -6.94974735e-02
  2.84004249e-02 -1.13934547e-01  3.01709864e-02  3.18743265e-03
 -1.98648628e-02  2.53755096e-02 -7.86876231e-02  2.26892941e-02
  5.00628389e-02  1.33823194e-02 -1.38519658e-02 -4.96135280e-02
  2.01476999e-02  1.65819786e-02 -2.74734329e-02 -1.54974222e-01
  5.07223830e-02  1.38414642e-02 -7.08520785e-02 -2.03961655e-01
  6.98535815e-02 -7.32348999e-03 -5.38392663e-02 -6.47047907e-02
 -1.41554410e-02  4.17494811e-02 -2.58819871e-02  4.82208023e-33
 -3.63062397e-02 -4.72343154e-02 -6.08198978e-02  3.38167027e-02
 -4.38449299e-03 -2.26400178e-02  4.00029216e-03  3.63754705e-02
 -5.80599299e-03  9.41509828e-02  1.79155450e-02  3.61876041e-02
 -4.99401689e-02  9.36146230e-02 -5.83251892e-03 -4.49675284e-02
  7.83573743e-03  7.61600658e-02  2.10001715e-03  6.17169850e-02
 -9.95603018e-03  3.01452056e-02  6.01938227e-03  2.77016051e-02
  2.32575387e-02  7.61817815e-03 -5.73064536e-02 -1.37118790e-02
 -3.63476314e-02  4.80668731e-02  3.12421713e-02  7.10086450e-02
 -1.47207649e-02 -6.30297810e-02 -3.72919440e-02  3.54212039e-04
  2.15780013e-03  9.05705150e-03  6.85916422e-03  9.42215044e-03
  5.25640091e-03  6.89316317e-02 -1.16603926e-03  4.14117575e-02
  1.82724874e-02 -7.42340554e-03  7.84499273e-02  4.48774323e-02
 -7.71547295e-03 -1.32337344e-04  4.02453989e-02  3.54548395e-02
  1.10556884e-02 -1.07001267e-01  5.03733121e-02  5.05137704e-02
  1.40306028e-03 -1.07566409e-01 -2.56249681e-02 -1.42241120e-01
 -5.46085387e-02  8.41348693e-02 -4.91778590e-02  5.20083010e-02
 -4.39467048e-03  9.69742984e-02 -5.39452992e-02 -7.94135481e-02
 -2.43628528e-02 -4.77639250e-02 -1.31899998e-01 -6.08749017e-02
 -6.21103272e-02  7.28840567e-03 -4.20486741e-02 -1.46328220e-02
 -1.33030871e-02  8.99928659e-02  1.28939124e-02  8.84724334e-02
 -4.42545861e-02  7.96464980e-02 -1.88167337e-02 -5.96624333e-03
 -3.47362948e-03  4.09034379e-02 -4.29455526e-02 -5.90185076e-03
 -2.52549704e-02  2.00320664e-03  8.38072821e-02  4.31422777e-02
  3.85657512e-03 -3.30743790e-02  7.07711130e-02 -1.29904958e-08
 -3.48510519e-02  1.00543620e-02  4.28749919e-02 -1.79409925e-02
  1.36346770e-02  4.19656485e-02 -2.93067303e-02 -2.02068537e-02
  8.56049284e-02 -5.53008057e-02  8.54150429e-02 -2.09165830e-02
  3.51819061e-02  9.89721064e-03  1.36189520e-01  3.20945717e-02
  4.89571504e-02 -1.27538349e-02 -4.14570868e-02  1.28571138e-01
 -1.34593798e-02 -3.63907684e-03  2.51074061e-02  5.10052852e-02
 -3.81373800e-02  5.06944605e-04 -6.18595025e-03 -5.37116490e-02
  2.65052319e-02  6.32365569e-02  1.08480006e-02  8.48812908e-02
 -1.50872720e-02 -1.35520389e-02 -1.33225136e-03 -3.33972089e-02
  1.08865999e-01 -9.20771733e-02 -5.32568945e-03 -5.97137772e-03
 -5.36249429e-02  1.01517506e-01 -5.83459390e-03 -1.36286682e-02
 -2.62247361e-02 -5.23594115e-03  6.97943335e-03 -6.72834441e-02
 -5.21316230e-02 -5.93304075e-02  1.88701588e-03  4.65964302e-02
  2.70802807e-02  1.55419009e-02  3.55275869e-02  3.92129645e-02
 -1.18117444e-01 -1.29419460e-03 -2.69846041e-02  5.92349544e-02
  1.02258153e-01  2.20817011e-02 -2.15361584e-02 -4.11013849e-02]

Sentence 7 : Artificial intelligence is useful in many fields.
Embedding: [ 1.35529283e-02  1.19679468e-02  2.36998256e-02 -2.30627507e-03
  1.99967413e-03  3.44163701e-02  1.61787868e-02  2.96170935e-02
 -2.74754898e-03  2.84360480e-02 -6.36778548e-02  4.76385392e-02
 -7.79667916e-03  3.56583521e-02  6.58923481e-03  2.44727470e-02
 -5.75364977e-02 -2.13105027e-02 -1.36241004e-01 -1.30813316e-01
 -4.32355814e-02  1.26589248e-02 -2.58429535e-02 -7.03328699e-02
 -2.60915123e-02  3.45751480e-03 -1.27939051e-02 -2.95853317e-02
 -1.63769703e-02 -3.18781510e-02  1.32871931e-02  7.79254362e-02
  7.41474852e-02 -3.16512748e-03 -8.67011622e-02  5.73217422e-02
 -4.89461757e-02  1.00900374e-01  5.28190956e-02  1.59802362e-02
 -3.31392847e-02 -4.35505323e-02  5.11198379e-02 -1.92547049e-02
  7.34627917e-02  7.07700551e-02 -9.25882906e-02 -4.26598899e-02
  4.12858054e-02  1.50351310e-02 -1.19626425e-01  2.26379279e-02
 -5.15129557e-03  2.41735801e-02  4.50600535e-02  5.13460934e-02
  2.71649212e-02 -5.19088916e-02 -3.33369407e-03 -4.46809195e-02
  3.04032750e-02 -4.68844511e-02  1.78240016e-02 -3.79526778e-03
  5.81720546e-02  2.11935956e-02 -6.10729121e-02  3.92904412e-03
 -2.14058142e-02 -5.94643690e-02  4.48968448e-02  8.76546502e-02
  1.74756199e-02  2.88917385e-02  4.18499410e-02  5.21824323e-03
  2.70743407e-02 -1.89716574e-02  6.47119805e-02 -9.95844323e-03
  4.15563621e-02 -5.56237018e-03 -3.00356243e-02  3.44546251e-02
  2.42202133e-02 -4.32935730e-02 -2.86737345e-02  1.01481257e-02
 -3.34098609e-03 -9.02454183e-03  6.89770505e-02 -6.40210956e-02
  1.05549404e-02 -6.24505244e-02  3.80708352e-02 -1.42786903e-02
 -1.28368950e-02 -3.64506803e-02 -1.47590251e-03 -1.92245655e-02
 -4.93836030e-03 -9.15020239e-03  1.19360955e-02  3.78101692e-02
 -5.33744181e-03 -2.81477254e-02  9.24637616e-02  2.29822770e-02
  9.15842503e-02 -1.21070318e-01 -9.99737382e-02  5.74819706e-02
 -1.65149271e-02  1.56032282e-03 -1.70203112e-02  2.11569257e-02
  6.32276852e-03  1.18440926e-01  2.25989539e-02  4.16639112e-02
 -2.50079501e-02 -4.74951696e-03 -6.68599084e-03  7.37099722e-02
  3.98097374e-02 -7.55169541e-02 -5.60219325e-02 -2.58168241e-33
 -1.42563730e-01  7.67935999e-03  5.35743646e-02  7.80338421e-02
 -3.79385091e-02 -4.68386486e-02 -3.80388945e-02 -5.01756407e-02
  1.99251976e-02 -3.51743065e-02 -4.81875092e-02  3.73788513e-02
  1.42275942e-02  6.33902382e-03  2.91827116e-02 -1.66318249e-02
 -3.02852783e-02  2.75309868e-02 -3.49648460e-03  4.44197049e-03
  9.96556133e-02 -1.09060198e-01  1.36327473e-02 -2.25420874e-02
  3.84928915e-03  4.20263857e-02  9.16090012e-02 -1.31101282e-02
  2.12490391e-02  7.03517674e-03  3.35501470e-02  7.74818957e-02
 -1.38839677e-01  2.26580836e-02  1.15587851e-02  2.44814344e-02
 -4.37279344e-02 -2.68615223e-02  2.71532424e-02  6.29133582e-02
 -2.86395811e-02  2.95938626e-02  3.38544101e-02 -3.15020718e-02
 -3.53350211e-03 -1.45071158e-02  4.00241800e-02 -4.08211276e-02
  2.74183769e-02 -4.84227613e-02 -1.48576796e-02  4.63580675e-02
  1.29228020e-02 -9.84398574e-02  1.35348082e-01  3.66834961e-02
 -4.64456677e-02  1.35043319e-02  6.47188537e-03 -2.54646838e-02
 -1.45771159e-02 -1.36519810e-02 -3.90601866e-02  3.48472148e-02
 -2.13991269e-03  1.26248717e-01  2.13426203e-02  5.20116836e-02
  4.09361310e-02  3.46504971e-02  2.36274712e-02 -1.83403352e-03
 -4.06477787e-02 -3.12747471e-02 -7.97937810e-02  3.02558970e-02
  2.85233855e-02 -1.34673312e-01  4.23819423e-02  3.61698195e-02
 -7.98935667e-02 -2.67133266e-02 -3.56434137e-02 -2.96186619e-02
  5.83565198e-02  2.98058335e-02  2.85402704e-02 -8.12561885e-02
 -8.25226214e-03  1.51749644e-02 -2.24669352e-02 -1.96106173e-02
 -5.07010408e-02  3.79680507e-02 -6.65814802e-02  3.06079811e-34
 -1.03271775e-01 -2.37346776e-02 -4.83461507e-02  7.36237243e-02
  1.22772092e-02  1.34344660e-02 -4.14016098e-02 -6.34604171e-02
  1.26933251e-02  3.38365473e-02 -6.00925013e-02  2.46585067e-02
 -3.05665974e-02  3.06037837e-04 -3.09846178e-03  9.22983140e-03
 -7.07288086e-02 -1.00098878e-01 -2.47769095e-02  1.96021535e-02
 -1.19029023e-02  9.06901211e-02 -6.31950423e-02 -2.72547994e-02
 -3.64694721e-03  3.35362293e-02 -1.29275873e-01 -6.87816441e-02
 -3.19257267e-02  4.75024544e-02 -4.10446487e-02 -3.57904918e-02
 -5.06846681e-02  2.55837366e-02 -2.36463454e-02  5.54038957e-02
  2.05480177e-02 -5.17050829e-03  6.94259210e-03  9.50134825e-03
  5.07793529e-03  6.98374733e-02  4.38077748e-03 -6.46471158e-02
 -2.60845963e-02 -1.23852557e-02 -1.66069698e-02  1.27772793e-01
  5.44780539e-03  1.90976933e-02  1.16723739e-02 -3.88476588e-02
 -2.14726273e-02 -1.19061127e-01 -4.07485776e-02  7.38318115e-02
 -6.67100493e-03 -2.86400579e-02 -5.09061180e-02  3.94314900e-02
 -7.98667967e-02 -5.40239550e-02  8.87430757e-02  7.25537837e-02
 -3.21689397e-02  3.77234593e-02 -2.93617528e-02  9.14442688e-02
 -7.68196359e-02 -1.14311874e-01  1.13206170e-01  2.54780091e-02
  4.03202092e-03  8.54321644e-02 -6.81167915e-02 -1.32050253e-02
 -9.30218771e-03 -6.10951707e-03  1.16824079e-02  2.66692638e-02
  7.13032037e-02 -7.00038597e-02  6.45887386e-03  3.07601560e-02
 -4.57712822e-02  3.34022120e-02  3.19388881e-02 -3.69225852e-02
  6.83279755e-03 -7.00960830e-02 -4.52260524e-02  2.65700351e-02
 -1.80452969e-02  1.05256271e-02 -1.07185148e-01 -1.60797775e-08
  6.80452492e-03 -3.21599431e-02  9.21079963e-02 -3.66279781e-02
  1.18410476e-02  1.14650354e-02 -3.44053097e-02  8.22305083e-02
 -5.08228168e-02  1.44958487e-02 -5.64704929e-03 -1.41470348e-02
 -2.87750270e-02  4.10230309e-02  1.36952356e-01  1.21811805e-02
  6.45297095e-02 -3.82055193e-02 -1.85290840e-03  5.97314090e-02
  8.89779404e-02 -4.22797428e-04 -3.08931302e-02  1.20177539e-02
  1.74977574e-02 -1.29086804e-02  1.24787614e-02 -5.92764504e-02
 -5.02811670e-02  5.29995933e-02 -2.96978317e-02 -1.64075866e-02
  4.66331504e-02  6.02217503e-02  1.55491918e-01  1.59593746e-01
  2.26306003e-02 -1.07942663e-01 -3.45543921e-02 -3.33842030e-03
  1.14784399e-02  7.25197122e-02 -2.85908841e-02  3.15911621e-02
  1.15874246e-01 -2.48548444e-02  7.21142534e-03 -4.70917933e-02
 -1.98257621e-03  5.07301837e-02 -1.75314378e-02  1.62800290e-02
 -3.88912013e-04  2.88695749e-02  6.66912273e-02 -1.91745884e-03
  4.43069898e-02 -6.62713423e-02  6.05187519e-03  5.99046014e-02
 -1.00132255e-02  7.34521598e-02  3.24433632e-02 -3.74003090e-02]

Sentence 8 : Machine learning helps computers learn from data.
Embedding: [-1.01719527e-02  3.10134166e-03  7.16988668e-02 -5.17558213e-03
  3.70623805e-02 -4.40372300e-04 -2.43765526e-02 -7.77418092e-02
 -2.05738433e-02 -2.10638549e-02 -4.44737785e-02  7.36285895e-02
  2.55902130e-02 -6.29745126e-02  4.05692272e-02  5.48713580e-02
 -2.24752408e-02  1.51538095e-02 -6.85394034e-02 -1.19578011e-01
  1.83077380e-02 -5.54626323e-02 -5.74298576e-02  2.89777592e-02
  1.91222653e-02  7.62917176e-02  2.43537854e-02  3.62624414e-02
  1.17126154e-02 -3.04127648e-03  8.74597579e-03 -2.40941234e-02
 -1.55187361e-02  4.98706922e-02 -6.84448257e-02  2.74981502e-02
 -3.23029235e-02  5.24779633e-02  3.52494270e-02 -1.64401699e-02
 -1.67897511e-02 -4.20338996e-02  3.08956821e-02  3.33162658e-02
  9.48765129e-02  6.04812913e-02 -6.20881431e-02 -7.84965754e-02
 -2.91679166e-02  2.36003250e-02 -1.22523464e-01 -3.21925394e-02
 -1.33754825e-02 -1.48571301e-02 -3.52033712e-02  8.50392208e-02
  7.06174076e-02  5.46641508e-03  6.22583441e-02 -6.51597790e-03
 -2.78370101e-02 -1.40865952e-01 -7.35693872e-02  4.87026237e-02
  6.06759153e-02 -3.81529494e-03 -3.30322087e-02  4.98380437e-02
 -4.49244827e-02 -6.94385618e-02 -2.20023300e-02  1.03567339e-01
  1.57827474e-02  9.30664912e-02  5.29920943e-02  1.34482374e-02
 -1.96265504e-02 -9.03865322e-03  1.15752518e-01  4.59253602e-03
 -4.42053527e-02  3.31758931e-02 -3.58784571e-02  1.03824496e-01
  5.79241216e-02 -5.44378236e-02 -3.49519290e-02 -2.65999995e-02
 -5.09917289e-02 -2.66239401e-02 -1.11840805e-02 -4.89456803e-02
 -4.01704619e-03 -3.46419774e-02 -7.65220150e-02  3.37796845e-02
 -1.40727116e-02 -8.52121934e-02  2.81609595e-02  5.71713634e-02
 -7.15030804e-02  4.60625663e-02  7.38441106e-03  4.02597487e-02
  2.82547195e-02 -5.77607565e-02  2.78667789e-02  1.14440136e-02
  1.24488428e-01 -9.03356150e-02 -4.57867198e-02  5.20047173e-02
 -6.41181916e-02  5.19092986e-03 -2.74102716e-03  7.40477815e-03
 -6.30984306e-02  1.49180610e-02 -1.01028779e-03  3.23105007e-02
 -3.01035363e-02 -8.03637598e-03 -8.85021035e-03  3.56577523e-02
  3.25795598e-02 -1.24843426e-01 -1.06710061e-01 -1.76450041e-33
  1.30791683e-02 -6.58887029e-02  6.97025806e-02  4.14354615e-02
  5.54907843e-02 -9.87018496e-02 -6.77670687e-02 -6.55274093e-02
  1.96582973e-02  3.05166002e-02 -4.41084243e-02  1.61825400e-02
  3.98168787e-02  1.83582976e-02  5.67761138e-02  2.99873929e-02
 -3.48885544e-02  8.86509344e-02 -2.25813184e-02 -3.71255167e-02
  6.29120544e-02 -9.34286341e-02  5.55828325e-02 -3.07216439e-02
 -2.46754102e-02  8.43308866e-03 -1.80654656e-02  3.14184129e-02
  3.41982916e-02  3.75151001e-02  2.11624075e-02  8.29159468e-03
 -6.75860122e-02  7.07327016e-03  4.93499227e-02  1.36354081e-02
  2.15052646e-02 -5.57008274e-02  3.49399820e-02  3.11146397e-02
 -4.08520848e-02  9.74449853e-04  7.00553134e-02 -5.34840114e-02
 -1.99366119e-02  3.33097838e-02  2.91931350e-02 -1.00436486e-01
  1.96969043e-03 -4.50284481e-02 -6.10005390e-03 -3.32192369e-02
 -3.28122871e-03 -2.75524165e-02  1.77391935e-02  7.34757483e-02
  1.44431153e-02 -2.74342373e-02 -1.10523379e-03 -4.87835938e-03
 -3.59376683e-03 -3.74017563e-03  6.71820939e-02  5.85915260e-02
 -6.25634985e-03  7.13805854e-02  8.70348886e-02  6.24896400e-02
  3.26693654e-02  1.41344620e-02  3.29257478e-03 -1.86371282e-02
  1.06714126e-02 -3.17149088e-02  2.42218152e-02 -4.66040932e-02
 -1.95838995e-02 -6.89962655e-02  7.41888396e-03  1.59204062e-02
 -1.74058024e-02 -1.01975597e-01 -7.24200252e-03 -7.19626471e-02
 -1.09330006e-02  3.93032730e-02  3.35040735e-03 -9.50984955e-02
 -3.34790871e-02  1.41064068e-02 -5.58899269e-02 -2.44414099e-02
 -3.29638831e-02  3.70883569e-02 -7.72602409e-02 -1.77533098e-34
 -9.54151973e-02  5.26563451e-03 -1.37747983e-02  1.01741679e-01
 -9.28000826e-03  4.64532077e-02 -4.29140124e-03 -4.32847701e-02
 -4.35389429e-02  3.66723388e-02 -1.56421531e-02  6.41746596e-02
  2.96921358e-02  1.52863199e-02 -2.63067931e-02  4.16302085e-02
 -5.42830378e-02 -1.78439263e-02 -4.80519757e-02  2.72796825e-02
 -2.85537094e-02  5.36683574e-02 -1.67101156e-02 -1.88534707e-02
  1.94389168e-02  1.65166780e-02 -6.35104030e-02  4.89447638e-02
  1.53585114e-02  2.95000151e-02 -3.39709632e-02 -1.56267080e-02
 -5.67243434e-02 -1.07814800e-02  1.83926374e-02  1.22551704e-02
  3.60848606e-02 -5.84316924e-02 -1.23604946e-02  8.86768922e-02
  6.22641332e-02  5.67295477e-02 -7.65422136e-02 -1.88270845e-02
 -3.33780497e-02 -1.42336851e-02 -3.20963673e-02  1.84587985e-02
  5.11994287e-02 -4.94320542e-02  7.05398396e-02  5.88941276e-02
  8.79086927e-03 -8.77855271e-02 -4.79187556e-02  4.70409542e-03
 -2.61454228e-02  8.75983201e-03  4.17528674e-02  6.02441542e-02
 -1.66849673e-01 -7.27095529e-02  3.93905453e-02  3.16980034e-02
 -2.40970980e-02 -1.05343033e-02  1.21679585e-02  7.02581555e-02
 -4.11338620e-02 -5.80157004e-02  6.13840297e-02  7.50540867e-02
 -2.88286917e-02  4.42559794e-02 -8.67858157e-02 -3.31512615e-02
 -4.75119203e-02 -3.13469470e-02 -5.03077395e-02  1.40956761e-02
  2.42044814e-02 -7.37726688e-02  1.52094839e-02  3.57381813e-02
  2.60376073e-02  4.48094010e-02  8.24875385e-02 -3.25815380e-02
 -2.45796796e-02 -8.17109421e-02 -7.43763372e-02  2.90735974e-03
 -1.04606934e-02  3.09721604e-02 -9.20173153e-02 -1.65679079e-08
 -3.14051248e-02 -2.21557617e-02  1.24534085e-01  9.29076504e-03
  6.64544627e-02  6.68113232e-02 -9.49818939e-02  1.65007263e-01
 -6.40346482e-02 -1.18833123e-05  7.45032653e-02  1.43015357e-02
 -1.15986774e-02  2.59431712e-02  5.64416051e-02  4.06999290e-02
  6.70966879e-02  1.92847718e-02  2.27895845e-03  4.34922986e-02
  5.35948798e-02 -1.39641427e-02  3.12166549e-02  1.57352537e-02
  9.99828279e-02 -7.77827129e-02 -1.95783619e-02  1.05006434e-01
 -3.74583597e-03  3.70145924e-02 -4.33258526e-02 -1.30202593e-02
  5.27632274e-02  1.83046912e-03  1.11471109e-01  1.33681685e-01
  2.59802770e-02 -8.52548257e-02  5.60696283e-03 -4.13551778e-02
 -6.25568479e-02  9.58382338e-02 -6.25832602e-02  1.87269207e-02
  1.38113722e-02  3.50749604e-02  4.27868143e-02 -6.16470426e-02
 -3.65039036e-02  2.87590846e-02  6.67002797e-02  2.64147762e-02
  4.79426235e-02  3.20466831e-02  4.67810519e-02 -2.60736644e-02
  1.20511912e-02 -4.93571274e-02  3.02405264e-02  7.69057870e-02
  6.53446186e-04  7.68979639e-02  6.62944047e-03 -5.94229177e-02]

--- Semantic Similarity ---

Sentence 1: I am studying computer science.
Sentence 2: I am learning programming.
Similarity: 0.8124

Sentence 1: I am learning programming.
Sentence 2: Python is a popular programming language.
Similarity: 0.527

Sentence 1: I enjoy watching movies.
Sentence 2: I like playing cricket.
Similarity: 0.5231

Sentence 1: Artificial intelligence is useful in many fields.
Sentence 2: Machine learning helps computers learn from data.
Similarity: 0.6026

--- Completed ---
Similar sentences are identified using cosine similarity.